time	I(R1)
Step Information: V2=200m  (Run: 1/10)
0.000000000000000e+000	0.000000e+000
8.861075970344245e-003	4.128150e-007
2.155638847034425e-002	9.862091e-007
3.718138847034425e-002	1.662866e-006
5.573607597034425e-002	2.425079e-006
7.819701347034425e-002	3.288256e-006
1.035876384703443e-001	4.186265e-006
1.309313884703443e-001	5.061911e-006
1.612048259703443e-001	5.921735e-006
1.934313884703443e-001	6.711467e-006
2.276110759703443e-001	7.408629e-006
2.637438884703443e-001	7.989492e-006
3.008532634703443e-001	8.419982e-006
3.389392009703443e-001	8.687664e-006
3.780017009703443e-001	8.780471e-006
9.795642009703443e-001	9.064854e-006
9.990954509703443e-001	9.074849e-006
1.000000000000000e+000	9.075313e-006
Step Information: V2=400m  (Run: 2/10)
0.000000000000000e+000	0.000000e+000
9.837638470344245e-003	5.133194e-007
2.350951347034425e-002	1.205606e-006
4.108763847034425e-002	2.059826e-006
6.159545097034425e-002	3.005865e-006
8.600951347034425e-002	4.061793e-006
1.133532634703443e-001	5.154592e-006
1.446032634703443e-001	6.288407e-006
1.787829509703443e-001	7.389278e-006
2.149157634703443e-001	8.396273e-006
2.530017009703443e-001	9.284640e-006
2.930407634703443e-001	1.002837e-005
3.350329509703443e-001	1.060016e-005
3.780017009703443e-001	1.096561e-005
4.209704509703443e-001	1.110972e-005
9.785876384703443e-001	1.144103e-005
9.990954509703443e-001	1.145420e-005
1.000000000000000e+000	1.145478e-005
Step Information: V2=600m  (Run: 3/10)
0.000000000000000e+000	0.000000e+000
9.837638470344245e-003	5.687691e-007
2.350951347034425e-002	1.338207e-006
4.108763847034425e-002	2.291778e-006
6.354857597034425e-002	3.452306e-006
8.991576347034425e-002	4.732585e-006
1.201892009703443e-001	6.094389e-006
1.533923259703443e-001	7.456460e-006
1.905017009703443e-001	8.817608e-006
2.305407634703443e-001	1.009721e-005
2.725329509703443e-001	1.123024e-005
3.174548259703443e-001	1.220715e-005
3.633532634703443e-001	1.295574e-005
4.112048259703443e-001	1.346888e-005
4.590563884703443e-001	1.371010e-005
9.785876384703443e-001	1.409780e-005
9.990954509703443e-001	1.411391e-005
1.000000000000000e+000	1.411462e-005
Step Information: V2=800m  (Run: 4/10)
0.000000000000000e+000	0.000000e+000
9.837638470344245e-003	6.240350e-007
2.448607597034425e-002	1.529887e-006
4.401732597034425e-002	2.694505e-006
6.745482597034425e-002	4.027542e-006
9.577513847034425e-002	5.545432e-006
1.280017009703443e-001	7.150471e-006
1.641345134703443e-001	8.797092e-006
2.041735759703443e-001	1.043488e-005
2.471423259703443e-001	1.197615e-005
2.930407634703443e-001	1.337727e-005
3.418688884703443e-001	1.459180e-005
3.926501384703443e-001	1.555491e-005
4.444079509703443e-001	1.622327e-005
4.971423259703443e-001	1.658005e-005
9.785876384703443e-001	1.703498e-005
9.990954509703443e-001	1.705430e-005
1.000000000000000e+000	1.705515e-005
Step Information: V2=1  (Run: 5/10)
0.000000000000000e+000	0.000000e+000
9.837638470344245e-003	6.791259e-007
2.448607597034425e-002	1.667098e-006
4.499388847034425e-002	3.003809e-006
7.038451347034425e-002	4.584489e-006
1.006579509703443e-001	6.362974e-006
1.358142009703443e-001	8.285156e-006
1.748767009703443e-001	1.024266e-005
2.178454509703443e-001	1.218169e-005
2.647204509703443e-001	1.404369e-005
3.155017009703443e-001	1.576534e-005
3.682360759703443e-001	1.723046e-005
4.239001384703443e-001	1.842243e-005
4.805407634703443e-001	1.926329e-005
5.381579509703443e-001	1.973478e-005
6.905017009703443e-001	1.994771e-005
9.785876384703443e-001	2.025277e-005
9.990954509703443e-001	2.027551e-005
1.000000000000000e+000	2.027652e-005
Step Information: V2=1.2  (Run: 6/10)
0.000000000000000e+000	0.000000e+000
9.837638470344245e-003	7.340503e-007
2.546263847034425e-002	1.874228e-006
4.694701347034425e-002	3.390824e-006
7.331420097034425e-002	5.172048e-006
1.055407634703443e-001	7.230773e-006
1.426501384703443e-001	9.442266e-006
1.846423259703443e-001	1.174190e-005
2.315173259703443e-001	1.405766e-005
2.822985759703443e-001	1.627054e-005
3.369860759703443e-001	1.831291e-005
3.946032634703443e-001	2.008549e-005
4.541735759703443e-001	2.151166e-005
5.156970134703443e-001	2.255272e-005
5.791735759703443e-001	2.316815e-005
6.651110759703443e-001	2.336939e-005
9.785876384703443e-001	2.375120e-005
9.990954509703443e-001	2.377760e-005
1.000000000000000e+000	2.377877e-005
Step Information: V2=1.4  (Run: 7/10)
0.000000000000000e+000	0.000000e+000
1.081420097034425e-002	8.664410e-007
2.741576347034425e-002	2.167269e-006
4.987670097034425e-002	3.871179e-006
7.819701347034425e-002	5.928814e-006
1.123767009703443e-001	8.279092e-006
1.524157634703443e-001	1.084968e-005
1.973376384703443e-001	1.350241e-005
2.471423259703443e-001	1.616114e-005
3.018298259703443e-001	1.874248e-005
3.604235759703443e-001	2.111947e-005
4.229235759703443e-001	2.321535e-005
4.873767009703443e-001	2.490448e-005
5.537829509703443e-001	2.614547e-005
6.221423259703443e-001	2.689488e-005
7.031970134703443e-001	2.714483e-005
9.785876384703443e-001	2.753028e-005
9.990954509703443e-001	2.756051e-005
1.000000000000000e+000	2.756185e-005
Step Information: V2=1.6  (Run: 8/10)
0.000000000000000e+000	0.000000e+000
1.081420097034425e-002	9.264824e-007
2.839232597034425e-002	2.400424e-006
5.182982597034425e-002	4.304518e-006
8.210326347034425e-002	6.661802e-006
1.182360759703443e-001	9.326647e-006
1.602282634703443e-001	1.222326e-005
2.080798259703443e-001	1.526517e-005
2.617907634703443e-001	1.835547e-005
3.203845134703443e-001	2.134049e-005
3.828845134703443e-001	2.408491e-005
4.492907634703443e-001	2.650789e-005
5.186267009703443e-001	2.849919e-005
5.908923259703443e-001	2.999158e-005
6.641345134703443e-001	3.089820e-005
7.432360759703443e-001	3.121532e-005
9.785876384703443e-001	3.158993e-005
9.990954509703443e-001	3.162416e-005
1.000000000000000e+000	3.162567e-005
Step Information: V2=1.8  (Run: 9/10)
0.000000000000000e+000	0.000000e+000
1.081420097034425e-002	9.863685e-007
2.839232597034425e-002	2.557747e-006
5.280638847034425e-002	4.675197e-006
8.405638847034425e-002	7.276630e-006
1.221423259703443e-001	1.028420e-005
1.670642009703443e-001	1.360500e-005
2.178454509703443e-001	1.706806e-005
2.744860759703443e-001	2.057165e-005
3.369860759703443e-001	2.400380e-005
4.043688884703443e-001	2.719970e-005
4.756579509703443e-001	3.001616e-005
5.498767009703443e-001	3.233551e-005
6.270251384703443e-001	3.408647e-005
7.051501384703443e-001	3.517533e-005
7.862048259703443e-001	3.558493e-005
9.785876384703443e-001	3.593007e-005
9.990954509703443e-001	3.596842e-005
1.000000000000000e+000	3.597012e-005
Step Information: V2=2  (Run: 10/10)
0.000000000000000e+000	0.000000e+000
1.081420097034425e-002	1.046108e-006
2.936888847034425e-002	2.806225e-006
5.475951347034425e-002	5.144278e-006
8.796263847034425e-002	8.080429e-006
1.280017009703443e-001	1.144102e-005
1.748767009703443e-001	1.512917e-005
2.285876384703443e-001	1.903381e-005
2.891345134703443e-001	2.302991e-005
3.555407634703443e-001	2.692513e-005
4.268298259703443e-001	3.054544e-005
5.020251384703443e-001	3.373994e-005
5.811267009703443e-001	3.641335e-005
6.631579509703443e-001	3.844476e-005
7.471423259703443e-001	3.974413e-005
8.321032634703443e-001	4.025672e-005
9.785876384703443e-001	4.055061e-005
9.990954509703443e-001	4.059319e-005
1.000000000000000e+000	4.059507e-005
